21
203
142
155
50
476
465
301
143
420
386
470
78
461
310
187
69
448
465
256
412
392
20
149
55
27
15
284
429
254
267
258
57
6
230
466
317
480
307
89
54
435
213
97
437
425
434
281
72
375
231
439
370
395
136
334
390
498
246
404
352
492
271
417
131
11
47
483
53
97
122
214
91
475
122
4
334
290
255
378
282
105
178
365
241
264
398
3
302
7
32
457
113
368
446
115
105
306
340
246
387
432
155
483
109
402
326
68
235
174
431
129
72
427
373
358
353
389
164
242
42
419
38
390
271
135
430
479
277
272
318
25
122
407
68
47
340
320
286
411
153
194
231
223
49
34
217
407
480
451
204
457
444
297
24
349
23
237
34
448
402
195
340
90
483
27
195
469
308
79
122
267
176
434
458
382
373
201
204
299
184
377
301
483
17
41
59
26
46
278
414
418
157
114
463
88
385
193
458
133
100
40
405
484
5
342
129
175
468
87
248
26
490
263
379
22
213
353
323
495
464
380
217
283
235
389
418
236
470
14
67
452
234
183
344
118
123
462
73
369
15
390
306
314
297
308
348
273
333
387
317
3
262
157
367
258
18
298
79
125
34
56
252
44
267
268
211
288
304
341
104
280
281
363
383
81
17
38
82
113
39
456
309
45
284
500
413
471
170
49
297
462
193
309
422
395
482
117
10
230
344
166
203
353
447
358
77
55
167
28
400
232
46
84
156
422
110
50
292
295
79
361
2
404
372
417
216
211
330
135
244
214
211
304
40
391
292
127
140
255
266
136
215
347
328
286
422
167
96
218
233
484
475
489
405
9
329
443
120
40
359
370
497
75
71
177
143
176
479
253
302
284
215
82
95
348
19
18
262
215
378
275
20
65
120
232
356
467
179
280
50
5
38
240
118
148
346
56
260
28
228
381
320
83
344
450
274
216
305
373
175
337
258
96
292
379
273
446
40
373
496
148
27
175
175
481
496
421
357
160
36
454
109
212
219
465
259
66
52
463
475
471
76
87
486
440
12
180
366
458
77
350
303
417
391
256
166
429
419
156
375
54
218
228
40
473
148
241
35
234
130
283
35
121
454
486
146
412
211
490
79
55
263
369
415
418
266
364
33
219
193
179
152
143
72
51
286
196
358
397
